SWMM5 Interface File
Example 3 of Extran Manual - 
300  - reporting time step in sec
1    - number of constituents as listed below:
FLOW LPS
1    - number of nodes as listed below:
10208
Node             Year Mon Day Hr  Min Sec FLOW      
10208            2002 01  01  00  00  00  0.000000  
10208            2002 01  01  00  05  00  0.000000  
10208            2002 01  01  00  10  00  0.000000  
10208            2002 01  01  00  15  00  0.000000  
10208            2002 01  01  00  20  00  0.000000  
10208            2002 01  01  00  25  00  0.000000  
10208            2002 01  01  00  30  00  0.000000  
10208            2002 01  01  00  35  00  0.000000  
10208            2002 01  01  00  40  00  0.000000  
10208            2002 01  01  00  45  00  0.000000  
10208            2002 01  01  00  50  00  0.000000  
10208            2002 01  01  00  55  00  0.000000  
10208            2002 01  01  01  00  00  0.000000  
10208            2002 01  01  01  05  00  0.000000  
10208            2002 01  01  01  10  00  0.000000  
10208            2002 01  01  01  15  00  0.000000  
10208            2002 01  01  01  20  00  0.000000  
10208            2002 01  01  01  25  00  0.000000  
10208            2002 01  01  01  30  00  0.000000  
10208            2002 01  01  01  35  00  0.000000  
10208            2002 01  01  01  40  00  0.000353  
10208            2002 01  01  01  45  00  0.000537  
10208            2002 01  01  01  50  00  0.000796  
10208            2002 01  01  01  55  00  0.001156  
10208            2002 01  01  02  00  00  0.001648  
10208            2002 01  01  02  05  00  0.002314  
10208            2002 01  01  02  10  00  0.003202  
10208            2002 01  01  02  15  00  0.004378  
10208            2002 01  01  02  20  00  0.005920  
10208            2002 01  01  02  25  00  0.007926  
10208            2002 01  01  02  30  00  0.010517  
10208            2002 01  01  02  35  00  0.013841  
10208            2002 01  01  02  40  00  0.018078  
10208            2002 01  01  02  45  00  0.023447  
10208            2002 01  01  02  50  00  0.030215  
10208            2002 01  01  02  55  00  0.038701  
10208            2002 01  01  03  00  00  0.049289  
10208            2002 01  01  03  05  00  0.062440  
10208            2002 01  01  03  10  00  0.078700  
10208            2002 01  01  03  15  00  0.098717  
10208            2002 01  01  03  20  00  0.123249  
10208            2002 01  01  03  25  00  0.153191  
10208            2002 01  01  03  30  00  0.189585  
10208            2002 01  01  03  35  00  0.233642  
10208            2002 01  01  03  40  00  0.286763  
10208            2002 01  01  03  45  00  0.350566  
10208            2002 01  01  03  50  00  0.426889  
10208            2002 01  01  03  55  00  0.517669  
10208            2002 01  01  04  00  00  0.624913  
10208            2002 01  01  04  05  00  0.750761  
10208            2002 01  01  04  10  00  2.382230  
10208            2002 01  01  04  15  00  2.738277  
10208            2002 01  01  04  20  00  3.135059  
10208            2002 01  01  04  25  00  3.574556  
10208            2002 01  01  04  30  00  4.058631  
10208            2002 01  01  04  35  00  4.590162  
10208            2002 01  01  04  40  00  5.173491  
10208            2002 01  01  04  45  00  5.809651  
10208            2002 01  01  04  50  00  6.498642  
10208            2002 01  01  04  55  00  7.239866  
10208            2002 01  01  05  00  00  8.032108  
10208            2002 01  01  05  05  00  8.873542  
10208            2002 01  01  05  10  00  9.761760  
10208            2002 01  01  05  15  00  10.693822 
10208            2002 01  01  05  20  00  11.666352 
10208            2002 01  01  05  25  00  12.675642 
10208            2002 01  01  05  30  00  13.717645 
10208            2002 01  01  05  35  00  14.788023 
10208            2002 01  01  05  40  00  15.882212 
10208            2002 01  01  05  45  00  16.942594 
10208            2002 01  01  05  50  00  18.078395 
10208            2002 01  01  05  55  00  19.222880 
10208            2002 01  01  06  00  00  20.371210 
10208            2002 01  01  06  05  00  21.518605 
10208            2002 01  01  06  10  00  22.660399 
10208            2002 01  01  06  15  00  23.792075 
10208            2002 01  01  06  20  00  24.909311 
10208            2002 01  01  06  25  00  26.008009 
10208            2002 01  01  06  30  00  27.084321 
10208            2002 01  01  06  35  00  28.134676 
10208            2002 01  01  06  40  00  29.155794 
10208            2002 01  01  06  45  00  30.144698 
10208            2002 01  01  06  50  00  31.098723 
10208            2002 01  01  06  55  00  32.015519 
10208            2002 01  01  07  00  00  32.893050 
10208            2002 01  01  07  05  00  33.729588 
10208            2002 01  01  07  10  00  34.523708 
10208            2002 01  01  07  15  00  35.274278 
10208            2002 01  01  07  20  00  35.980444 
10208            2002 01  01  07  25  00  36.641618 
10208            2002 01  01  07  30  00  37.257462 
10208            2002 01  01  07  35  00  37.827874 
10208            2002 01  01  07  40  00  38.352967 
10208            2002 01  01  07  45  00  38.833051 
10208            2002 01  01  07  50  00  39.268621 
10208            2002 01  01  07  55  00  39.660333 
10208            2002 01  01  08  00  00  40.008988 