SWMM5 Interface File
 Example 2 of Extran Manual - 
900  - reporting time step in sec
1    - number of constituents as listed below:
FLOW CFS
1    - number of nodes as listed below:
10208
Node             Year Mon Day Hr  Min Sec FLOW      
10208            2002 01  01  00  00  00  0.000000  
10208            2002 01  01  00  15  00  0.000000  
10208            2002 01  01  00  30  00  0.000031  
10208            2002 01  01  00  45  00  9.614209  
10208            2002 01  01  01  00  00  83.449082 
10208            2002 01  01  01  15  00  114.072952
10208            2002 01  01  01  30  00  121.012264
10208            2002 01  01  01  45  00  122.265190
10208            2002 01  01  02  00  00  122.261303
10208            2002 01  01  02  15  00  122.111167
10208            2002 01  01  02  30  00  122.021742
10208            2002 01  01  02  45  00  121.986896
10208            2002 01  01  03  00  00  121.977306
10208            2002 01  01  03  15  00  114.828818
10208            2002 01  01  03  30  00  92.801664 
10208            2002 01  01  03  45  00  66.932421 
10208            2002 01  01  04  00  00  43.931131 
10208            2002 01  01  04  15  00  28.362977 
10208            2002 01  01  04  30  00  18.727023 
10208            2002 01  01  04  45  00  12.820258 
10208            2002 01  01  05  00  00  9.111585  
10208            2002 01  01  05  15  00  6.697662  
10208            2002 01  01  05  30  00  5.071955  
10208            2002 01  01  05  45  00  3.938408  
10208            2002 01  01  06  00  00  3.126505  
10208            2002 01  01  06  15  00  2.528318  
10208            2002 01  01  06  30  00  2.076566  
10208            2002 01  01  06  45  00  1.729430  
10208            2002 01  01  07  00  00  1.458558  
10208            2002 01  01  07  15  00  1.243869  
10208            2002 01  01  07  30  00  1.071228  
10208            2002 01  01  07  45  00  0.930620  
10208            2002 01  01  08  00  00  0.814807  