SWMM5 Interface File
Example 4 of Extran Manual - 
900  - reporting time step in sec
1    - number of constituents as listed below:
FLOW CFS
1    - number of nodes as listed below:
10208
Node             Year Mon Day Hr  Min Sec FLOW      
10208            2002 01  01  00  00  00  0.000000  
10208            2002 01  01  00  15  00  0.000000  
10208            2002 01  01  00  30  00  0.037770  
10208            2002 01  01  00  45  00  40.232950 
10208            2002 01  01  01  00  00  109.459474
10208            2002 01  01  01  15  00  129.728493
10208            2002 01  01  01  30  00  134.158542
10208            2002 01  01  01  45  00  134.928460
10208            2002 01  01  02  00  00  135.014066
10208            2002 01  01  02  15  00  135.009336
10208            2002 01  01  02  30  00  135.003063
10208            2002 01  01  02  45  00  135.000769
10208            2002 01  01  03  00  00  135.000159
10208            2002 01  01  03  15  00  131.932237
10208            2002 01  01  03  30  00  98.112262 
10208            2002 01  01  03  45  00  58.545796 
10208            2002 01  01  04  00  00  34.634397 
10208            2002 01  01  04  15  00  21.208185 
10208            2002 01  01  04  30  00  13.468494 
10208            2002 01  01  04  45  00  8.973705  
10208            2002 01  01  05  00  00  6.252307  
10208            2002 01  01  05  15  00  4.525731  
10208            2002 01  01  05  30  00  3.374507  
10208            2002 01  01  05  45  00  2.581806  
10208            2002 01  01  06  00  00  2.018821  
10208            2002 01  01  06  15  00  1.606154  
10208            2002 01  01  06  30  00  1.297253  
10208            2002 01  01  06  45  00  1.062657  
10208            2002 01  01  07  00  00  0.881751  
10208            2002 01  01  07  15  00  0.741704  
10208            2002 01  01  07  30  00  0.628212  
10208            2002 01  01  07  45  00  0.536904  
10208            2002 01  01  08  00  00  0.462559  