SWMM5 Interface File
Example 6 of Extran Manual - 
900  - reporting time step in sec
1    - number of constituents as listed below:
FLOW CFS
1    - number of nodes as listed below:
10208
Node             Year Mon Day Hr  Min Sec FLOW      
10208            2002 01  01  00  00  00  0.000000  
10208            2002 01  01  00  15  00  0.000000  
10208            2002 01  01  00  30  00  0.075448  
10208            2002 01  01  00  45  00  20.696941 
10208            2002 01  01  01  00  00  63.410589 
10208            2002 01  01  01  15  00  81.185158 
10208            2002 01  01  01  30  00  86.991537 
10208            2002 01  01  01  45  00  88.282545 
10208            2002 01  01  02  00  00  88.329228 
10208            2002 01  01  02  15  00  88.192470 
10208            2002 01  01  02  30  00  88.101599 
10208            2002 01  01  02  45  00  88.062679 
10208            2002 01  01  03  00  00  88.050788 
10208            2002 01  01  03  15  00  87.434465 
10208            2002 01  01  03  30  00  76.886138 
10208            2002 01  01  03  45  00  53.455947 
10208            2002 01  01  04  00  00  34.387979 
10208            2002 01  01  04  15  00  22.161092 
10208            2002 01  01  04  30  00  14.271990 
10208            2002 01  01  04  45  00  9.257952  
10208            2002 01  01  05  00  00  6.196094  
10208            2002 01  01  05  15  00  4.313706  
10208            2002 01  01  05  30  00  3.110213  
10208            2002 01  01  05  45  00  2.316003  
10208            2002 01  01  06  00  00  1.771758  
10208            2002 01  01  06  15  00  1.387310  
10208            2002 01  01  06  30  00  1.107036  
10208            2002 01  01  06  45  00  0.897545  
10208            2002 01  01  07  00  00  0.740119  
10208            2002 01  01  07  15  00  0.616237  
10208            2002 01  01  07  30  00  0.519022  
10208            2002 01  01  07  45  00  0.441597  
10208            2002 01  01  08  00  00  0.379124  